U2OS WT_NT	ALC1 KO_NT	U2OS WT_OP	ALC1 KO_OP
16.91394659	77.15133531	52.52225519	72.25519288
14.83679525	40.50445104	39.61424332	60.38575668
17.8041543	43.62017804	20.91988131	72.40356083
12.90801187	44.51038576	34.56973294	58.45697329
19.73293769	45.54896142	24.92581602	80.26706231
11.8694362	32.64094955	19.73293769	72.25519288
11.8694362	41.54302671	45.54896142	65.28189911
18.84272997	41.83976261	18.84272997	73.29376855
15.87537092	38.57566766	35.60830861	73.29376855
18.24925816	33.67952522	51.48367953	65.28189911
11.8694362	45.54896142	26.70623145	78.18991098
28.93175074	27.74480712	36.64688427	66.46884273
19.13946588	31.60237389	33.67952522	72.25519288
21.81008902	39.61424332	30.71216617	67.35905045
20.77151335	35.60830861	24.77744807	55.48961424
18.84272997	39.61424332	27.74480712	63.64985163
39.61424332	33.67952522	34.56973294	70.17804154
15.87537092	42.58160237	37.53709199	62.31454006
18.84272997	35.60830861	43.76854599	68.24925816
19.73293769	29.6735905	26.2611276	70.17804154
18.10089021	37.68545994	25.66765579	68.24925816
18.10089021	26.70623145	31.60237389	65.28189911
21.36498516	32.64094955	24.77744807	70.47477745
20.91988131	31.60237389	27.74480712	68.39762611
25.07418398	27.74480712	24.77744807	62.31454006
15.57863501	23.7388724	27.74480712	66.46884273
23.29376855	30.71216617	21.81008902	75.22255193
23.14540059	40.65281899	21.81008902	64.24332344
18.84272997	25.66765579	22.70029674	59.34718101
13.79821958	38.4272997	19.73293769	67.35905045
16.46884273	28.63501484	18.84272997	68.39762611
23.14540059	39.61424332	23.7388724	64.39169139
22.70029674	26.85459941	28.63501484	75.22255193
16.91394659	31.60237389	26.70623145	64.24332344
20.77151335	35.60830861	20.77151335	70.3264095
22.10682493	33.67952522	18.84272997	73.29376855
28.48664688	18.84272997	23.7388724	69.28783383
21.66172107	25.66765579	26.70623145	70.17804154
23.14540059	30.71216617	27.74480712	72.25519288
15.13353116	29.6735905	19.73293769	70.47477745
16.91394659	27.74480712	19.88130564	65.28189911
23.88724036	19.73293769	20.77151335	64.24332344
21.21661721	28.33827893	19.73293769	71.36498516
11.8694362	28.93175074	19.73293769	75.22255193
16.76557864	24.77744807	15.87537092	66.32047478
20.3264095	23.88724036	15.87537092	74.33234421
25.22255193	27.59643917	24.03560831	63.35311573
26.70623145	36.49851632	20.77151335	64.39169139
25.22255193	39.16913947	22.99703264	56.37982196
23.88724036	24.92581602	20.91988131	61.27596439
19.73293769	37.68545994	36.64688427	66.32047478
20.3264095	27.74480712	21.81008902	73.29376855
27.44807122	43.47181009	31.00890208	67.35905045
24.92581602	24.92581602	19.73293769	71.51335312
20.91988131	39.61424332	16.91394659	63.35311573
14.54005935	39.61424332	16.91394659	70.3264095
26.85459941	48.51632047	23.88724036	66.32047478
18.24925816	26.70623145	19.73293769	87.24035608
20.3264095	31.00890208	20.91988131	47.47774481
19.88130564	37.83382789	22.84866469	64.54005935
29.52522255	27.74480712	21.81008902	47.77448071
19.73293769	28.63501484	20.77151335	58.45697329
18.84272997	38.57566766	18.54599407	57.56676558
19.88130564	41.54302671	17.8041543	56.37982196
25.37091988	26.85459941	20.77151335	70.6231454
29.97032641	45.54896142	26.70623145	67.21068249
16.17210682	43.47181009	28.63501484	70.47477745
19.13946588	24.77744807	22.70029674	71.21661721
22.99703264	39.61424332	20.77151335	66.32047478
18.54599407	30.86053412	24.77744807	51.48367953
19.73293769	35.60830861	27.74480712	68.39762611
19.88130564	31.75074184	28.93175074	71.51335312
18.24925816	28.63501484	23.7388724	62.31454006
23.7388724	37.68545994	23.7388724	69.28783383
18.84272997	28.63501484	26.85459941	61.42433234
29.6735905	39.61424332	23.7388724	65.28189911
19.73293769	34.71810089	21.21661721	64.39169139
21.81008902	34.86646884	20.77151335	59.49554896
23.4421365	38.57566766	27.15133531	71.51335312
26.2611276	42.58160237	19.88130564	61.42433234
21.81008902	37.68545994	22.84866469	71.21661721
20.3264095	23.7388724	23.14540059	64.39169139
25.22255193	29.6735905	20.77151335	69.28783383
28.04154303	30.71216617	22.25519288	75.22255193
31.60237389	27.74480712	22.70029674	71.21661721
50.14836795	37.53709199	20.6231454	67.21068249
18.84272997	30.71216617	23.14540059	61.8694362
21.95845697	27.74480712	19.13946588	64.24332344
19.88130564	24.77744807	22.70029674	66.46884273
15.87537092	26.70623145	20.77151335	69.28783383
21.66172107	29.6735905	21.81008902	71.21661721
20.3264095	28.78338279	23.7388724	73.29376855
19.58456973	39.61424332	24.77744807	67.35905045
31.45400593	28.78338279	19.88130564	70.3264095
21.66172107	23.7388724	19.73293769	70.3264095
27.74480712	32.64094955	24.77744807	66.32047478
16.17210682	31.60237389	20.77151335	76.2611276
18.24925816	27.74480712	21.95845697	72.25519288
24.48071217	33.67952522	21.81008902	76.11275964
27.89317507	30.71216617	21.21661721	70.17804154
13.79821958	22.10682493	24.77744807	64.24332344
14.09495549	19.43620178	19.88130564	81.15727003
15.57863501	22.84866469	28.78338279	62.31454006
14.83679525	21.66172107	31.00890208	49.40652819
12.90801187	19.88130564	34.56973294	101.9287834
18.10089021	21.21661721	44.51038576	76.11275964
18.69436202	17.8041543	31.00890208	87.09198813
17.06231454	25.37091988	22.70029674	49.40652819
20.91988131	22.70029674	33.97626113	55.34124629
17.21068249	18.84272997	30.11869436	89.02077151
20.3264095	25.66765579	38.4272997	59.34718101
21.21661721	17.06231454	34.42136499	58.45697329
15.87537092	20.3264095	26.85459941	99.85163205
17.5074184	25.66765579	24.48071217	97.92284866
18.84272997	20.02967359	20.77151335	108.9020772
18.69436202	20.91988131	19.13946588	97.03264095
14.83679525	19.73293769	36.64688427	63.35311573
14.83679525	22.70029674	20.91988131	130.5637982
21.36498516	16.76557864	29.6735905	82.04747774
16.17210682	14.09495549	29.3768546	96.884273
19.43620178	19.58456973	36.05341246	90.05934718
14.09495549	20.91988131	23.88724036	78.18991098
14.83679525	22.10682493	25.66765579	91.98813056
13.05637982	23.88724036	27.00296736	76.2611276
20.17804154	19.73293769	28.63501484	93.02670623
22.40356083	20.77151335	31.60237389	85.0148368
16.91394659	21.66172107	25.37091988	118.694362
15.13353116	20.17804154	29.3768546	131.7507418
14.83679525	23.29376855	39.31750742	95.99406528
9.347181009	23.14540059	29.6735905	102.8189911
15.13353116	20.91988131	21.66172107	103.8575668
16.76557864	22.55192878	25.07418398	135.4599407
14.83679525	23.14540059	30.71216617	132.4925816
13.35311573	18.10089021	30.71216617	87.98219585
16.91394659	19.73293769	20.3264095	66.32047478
15.57863501	22.10682493	21.06824926	90.9495549
16.91394659	20.02967359	14.54005935	122.7002967
17.8041543	18.69436202	23.4421365	91.98813056
14.24332344	21.36498516	23.88724036	53.41246291
16.76557864	18.84272997	21.81008902	73.14540059
17.8041543	23.7388724	24.77744807	59.34718101
16.17210682	22.25519288	24.18397626	70.3264095
16.91394659	21.81008902	24.48071217	63.35311573
18.84272997	19.88130564	20.77151335	65.28189911
16.91394659	20.77151335	21.21661721	76.11275964
18.54599407	23.29376855	22.70029674	91.98813056
17.8041543	18.84272997	31.60237389	67.21068249
17.21068249	22.10682493	21.95845697	96.884273
14.9851632	22.55192878	27.74480712	99.85163205
20.6231454	18.10089021	37.68545994	94.95548961
17.65578635	24.48071217	28.78338279	102.8189911
20.3264095	19.88130564	31.00890208	85.16320475
16.32047478	24.48071217	24.18397626	74.18397626
17.65578635	21.21661721	27.89317507	98.96142433
14.09495549	19.43620178	21.21661721	110.8308605
12.90801187	22.25519288	24.48071217	68.24925816
13.79821958	16.76557864	21.95845697	58.30860534
19.43620178	20.77151335	15.13353116	78.48664688
19.73293769	19.73293769	15.28189911	85.0148368
14.24332344	25.07418398	18.69436202	115.727003
21.95845697	18.99109792	18.99109792	57.41839763
18.99109792	21.81008902	18.84272997	85.0148368
14.6884273	24.03560831	20.77151335	79.08011869
14.54005935	17.65578635	18.84272997	64.39169139
19.43620178	15.87537092	17.5074184	81.15727003
12.90801187	18.99109792	21.81008902	65.43026706
17.35905045	18.84272997	14.83679525	79.08011869
20.02967359	17.21068249	19.13946588	82.04747774
18.84272997	18.99109792	25.96439169	84.12462908
13.05637982	23.14540059	22.10682493	65.28189911
20.02967359	22.25519288	21.81008902	78.18991098
17.8041543	21.21661721	25.81602374	58.45697329
11.27596439	19.73293769	26.70623145	68.24925816
18.10089021	18.24925816	19.88130564	168.2492582
13.20474777	21.36498516	19.88130564	47.47774481
17.65578635	16.91394659	23.14540059	59.49554896
14.54005935	20.91988131	24.48071217	51.48367953
11.12759644	19.13946588	19.73293769	90.9495549
18.39762611	21.36498516	27.89317507	52.52225519
16.17210682	21.81008902	24.48071217	83.08605341
18.84272997	23.7388724	24.48071217	91.09792285
17.95252226	20.77151335	26.85459941	61.27596439
15.87537092	15.57863501	30.11869436	85.0148368
17.8041543	17.65578635	21.81008902	56.37982196
16.76557864	22.99703264	24.77744807	47.47774481
21.81008902	20.3264095	20.77151335	40.50445104
16.32047478	18.54599407	22.25519288	87.98219585
12.90801187	19.43620178	22.70029674	95.25222552
16.91394659	21.21661721	20.6231454	102.8189911
16.61721068	21.81008902	27.74480712	67.35905045
17.65578635	16.91394659	25.81602374	104.8961424
19.13946588	22.70029674	22.99703264	100.8902077
21.21661721	17.06231454	26.70623145	41.69139466
14.83679525	18.99109792	25.22255193	100.8902077
22.10682493	15.87537092	25.66765579	71.21661721
20.3264095	21.81008902	20.02967359	38.57566766
23.88724036	25.66765579	29.6735905	75.22255193
20.3264095	21.66172107	29.6735905	134.5697329
18.99109792	19.43620178	23.7388724	90.05934718
15.87537092	21.66172107	22.70029674	52.52225519
13.50148368	21.81008902	25.81602374	41.54302671
17.35905045	15.13353116	17.8041543	40.65281899
14.9851632	16.91394659	18.54599407	70.6231454
15.13353116	18.84272997	15.13353116	74.33234421
17.21068249	17.8041543	34.56973294	43.62017804
14.83679525	23.14540059	24.77744807	41.54302671
15.87537092	15.57863501	33.67952522	36.64688427
20.91988131	16.91394659	29.97032641	34.56973294
15.87537092	18.69436202	29.6735905	37.68545994
12.90801187	20.77151335	25.66765579	40.65281899
19.13946588	22.84866469	35.0148368	27.15133531
16.91394659	15.13353116	15.57863501	23.88724036
15.57863501	22.55192878	31.60237389	73.14540059
17.95252226	20.3264095	31.89910979	57.56676558
15.13353116	15.87537092	34.71810089	36.64688427
13.20474777	16.91394659	25.66765579	40.50445104
16.61721068	23.4421365	26.70623145	55.6379822
11.27596439	14.83679525	24.03560831	66.32047478
13.79821958	23.88724036	37.68545994	44.51038576
14.39169139	16.17210682	31.60237389	52.37388724
11.8694362	17.06231454	53.41246291	51.48367953
18.24925816	20.91988131	43.47181009	61.5727003
17.65578635	16.91394659	37.68545994	103.115727
17.5074184	17.21068249	43.62017804	50.74183976
20.6231454	15.13353116	31.75074184	85.45994065
13.50148368	17.06231454	26.85459941	63.35311573
21.81008902	19.73293769	30.71216617	79.22848665
14.39169139	14.24332344	29.6735905	58.7537092
13.94658754	20.3264095	27.59643917	61.5727003
17.65578635	22.99703264	21.66172107	42.58160237
18.99109792	13.94658754	25.22255193	77.15133531
23.88724036	17.95252226	36.64688427	50.59347181
18.84272997	14.83679525	26.85459941	135.0148368
20.91988131	18.84272997	33.67952522	76.70623145
22.10682493	18.69436202	47.47774481	106.0830861
18.84272997	16.61721068	35.60830861	82.04747774
18.99109792	22.55192878	28.78338279	73.29376855
19.88130564	20.77151335	22.70029674	54.45103858
25.96439169	14.6884273	36.79525223	74.18397626
16.17210682	21.81008902	35.75667656	60.38575668
14.9851632	20.17804154	32.78931751	64.39169139
22.84866469	22.25519288	42.58160237	54.45103858
21.21661721	15.13353116	25.66765579	57.41839763
12.46290801	22.99703264	31.60237389	85.3115727
23.88724036	18.54599407	32.64094955	71.51335312
23.29376855	19.13946588	37.53709199	72.25519288
21.81008902	18.99109792	24.77744807	137.9821958
18.69436202	24.92581602	31.60237389	79.3768546
20.02967359	21.81008902	28.78338279	78.48664688
16.91394659	16.02373887	31.75074184	83.23442136
16.17210682	20.02967359	31.75074184	69.28783383
17.8041543	19.73293769	32.64094955	53.70919881
17.65578635	17.06231454	34.56973294	86.79525223
18.24925816	17.95252226	34.56973294	102.9673591
17.95252226	13.50148368	27.74480712	42.28486647
14.9851632	20.3264095	19.73293769	48.66468843
12.90801187	24.48071217	21.81008902	43.47181009
18.10089021	21.21661721	25.81602374	29.82195846
18.84272997	17.95252226	24.92581602	60.38575668
19.88130564	20.91988131	24.77744807	66.46884273
12.90801187	17.8041543	23.88724036	81.45400593
17.21068249	18.24925816	27.74480712	42.58160237
16.91394659	20.91988131	36.64688427	76.2611276
20.02967359	23.7388724	28.63501484	67.35905045
16.76557864	15.87537092	14.83679525	86.05341246
19.43620178	17.5074184	36.05341246	46.58753709
14.83679525	19.73293769	18.10089021	60.38575668
13.79821958	21.21661721	26.85459941	65.28189911
16.76557864	20.91988131	29.6735905	53.56083086
19.73293769	19.73293769	22.84866469	72.40356083
15.13353116	17.5074184	18.84272997	63.35311573
17.95252226	20.3264095	24.77744807	59.34718101
14.83679525	18.84272997	19.88130564	48.51632047
13.05637982	15.13353116	17.21068249	58.30860534
16.76557864	21.36498516	24.18397626	48.66468843
20.77151335	16.91394659	22.84866469	55.6379822
13.94658754	21.21661721	26.70623145	60.83086053
14.83679525	16.91394659	28.78338279	76.11275964
21.66172107	20.91988131	26.70623145	43.62017804
16.32047478	17.21068249	28.04154303	58.30860534
16.46884273	19.43620178	33.23442136	53.41246291
18.99109792	18.99109792	25.66765579	52.37388724
18.99109792	17.95252226	23.88724036	68.39762611
17.65578635	20.3264095	30.71216617	56.97329377
18.24925816	18.10089021	27.00296736	64.54005935
16.61721068	11.12759644	18.24925816	32.64094955
16.17210682	19.13946588	15.87537092	40.50445104
20.02967359	21.21661721	20.91988131	50.44510386
18.84272997	18.99109792	17.8041543	40.50445104
17.35905045	15.87537092	20.91988131	55.6379822
19.43620178	17.95252226	23.7388724	36.64688427
21.95845697	21.21661721	34.56973294	37.53709199
18.24925816	12.01780415	36.64688427	22.70029674
20.3264095	17.8041543	26.85459941	31.89910979
14.09495549	13.50148368	31.75074184	54.45103858
15.87537092	21.21661721	33.67952522	44.51038576
26.85459941	16.61721068	29.6735905	48.51632047
22.10682493	16.91394659	31.60237389	70.47477745
24.48071217	18.99109792	19.73293769	59.49554896
20.3264095	20.17804154	26.70623145	68.24925816